34.941	26.654	34.516	47.389	39.806	33.765	28.471	36.846	25.810	34.643	37.188	39.000	40.500	27.000	37.774
37.912	24.038	33.613	45.722	39.806	34.559	28.294	36.038	25.476	34.929	36.750	38.800	36.423	28.750	36.065
34.353	23.885	33.581	43.833	38.774	32.824	27.912	35.577	27.429	32.571	34.875	40.250	38.500	29.667	39.774
34.647	28.269	36.581	47.722	39.484	34.176	28.059	36.231	28.286	33.929	36.375	39.400	39.423	29.333	36.613
37.176	24.577	32.742	44.583	41.226	35.059	27.000	36.308	29.190	33.679	36.750	37.650	34.731	28.500	36.935
36.735	27.923	36.323	44.417	40.742	32.353	28.118	36.423	26.476	34.643	34.812	38.600	38.577	26.917	38.452
35.294	24.346	33.839	46.250	39.581	33.147	28.147	34.769	28.429	34.821	37.188	39.250	39.231	34.083	37.871
36.176	26.038	34.323	45.778	38.710	34.647	27.353	39.885	27.571	34.857	35.312	37.150	40.769	30.333	35.903
33.500	28.000	37.290	47.889	39.839	31.912	28.088	35.577	27.429	32.393	34.062	38.750	37.923	30.083	35.645
38.500	26.962	36.323	45.528	36.935	34.735	28.294	38.192	29.095	33.286	33.938	39.850	38.346	29.917	38.968
35.647	27.462	34.194	46.861	38.484	32.853	25.941	36.846	29.905	34.643	35.812	41.700	37.038	27.500	37.161
34.029	25.385	36.065	45.028	37.871	32.765	25.853	32.962	27.476	34.929	36.625	39.250	37.654	30.333	36.129
33.882	26.808	36.032	48.083	38.419	32.265	26.941	34.885	28.000	34.964	35.250	35.050	38.154	29.000	35.806
36.529	25.654	34.290	46.528	39.935	32.265	26.324	36.000	28.524	34.714	36.438	38.900	38.000	30.333	36.355
35.118	25.154	33.484	45.389	38.903	30.588	28.971	35.962	27.143	35.464	39.250	42.000	39.346	30.500	37.097
35.412	24.269	37.419	45.889	38.548	29.382	25.765	35.846	30.048	33.714	35.562	38.000	38.231	28.833	36.484
34.294	25.731	36.484	47.917	37.806	32.735	29.147	37.038	27.524	32.107	34.750	37.200	37.615	26.333	40.516
33.176	25.269	34.806	48.139	38.903	32.500	28.382	36.538	30.952	36.786	33.875	38.100	38.692	29.750	36.355
33.265	27.154	34.968	46.472	38.161	32.853	26.882	35.962	29.810	35.536	35.812	41.000	36.731	28.000	37.355
34.735	24.154	34.806	46.417	41.452	33.912	27.088	36.462	27.571	34.536	39.688	36.650	38.000	31.000	36.581
36.588	25.808	33.258	43.139	36.290	29.441	27.647	35.500	27.286	34.000	35.312	39.450	37.500	24.417	36.581
34.324	26.654	32.935	46.778	40.161	34.529	26.706	37.269	26.238	33.464	35.688	36.000	34.038	30.417	37.581
34.353	26.962	34.581	46.194	40.419	34.353	27.824	37.654	27.190	34.000	33.500	37.950	36.885	31.917	37.194
35.000	24.423	34.258	45.167	39.258	30.765	27.471	37.038	26.238	34.964	33.062	37.700	38.154	26.083	36.387
37.794	25.385	32.548	45.306	37.677	33.500	27.853	36.885	27.048	35.000	36.625	39.400	38.615	25.750	36.935
34.235	26.885	35.484	45.917	40.000	31.676	28.824	35.385	27.143	33.786	35.562	38.350	37.462	30.667	36.742
36.471	26.500	36.065	47.694	38.806	33.441	28.676	34.077	25.619	33.964	37.500	37.150	34.769	27.083	36.968
37.588	26.231	33.387	46.417	37.065	32.118	27.294	36.385	27.571	32.821	34.938	37.700	35.231	28.417	37.161
37.353	25.692	35.065	46.806	39.742	32.176	27.059	38.846	28.000	35.464	37.000	36.550	38.885	26.917	36.710
34.500	27.731	33.677	44.611	38.452	31.441	27.118	36.308	26.810	35.750	37.250	37.800	40.577	28.167	35.516
37.000	27.038	35.516	45.278	40.387	31.441	28.265	37.462	27.810	35.714	37.312	39.100	37.923	29.000	38.710
35.853	25.000	34.645	47.250	38.290	32.294	28.206	35.154	28.095	34.429	37.312	38.000	40.577	27.833	35.161
34.794	27.038	33.419	46.361	39.161	33.059	26.588	35.846	27.429	34.536	35.812	40.250	38.269	28.667	36.161
34.118	27.269	33.968	46.556	38.452	30.765	27.676	36.308	27.333	33.250	36.000	37.450	38.500	28.500	39.387
36.353	26.346	34.000	46.250	39.065	31.971	29.765	35.577	26.857	35.357	38.562	35.950	37.808	28.667	36.258
35.735	25.962	35.581	45.222	40.613	34.294	27.265	33.885	27.190	34.286	38.312	36.950	37.000	28.583	36.903
36.118	26.269	35.065	47.917	39.097	29.941	27.382	38.192	28.190	37.107	36.375	36.700	38.769	28.167	36.677
37.500	27.154	34.645	46.444	37.323	30.500	28.735	38.346	27.905	36.929	35.562	36.900	40.500	27.833	35.097
35.000	25.538	35.484	44.556	39.032	31.971	27.294	36.000	27.857	35.786	34.625	35.600	38.692	30.000	36.516
33.029	27.500	35.548	46.611	38.742	32.618	26.706	40.308	26.571	35.393	35.875	37.950	38.115	26.917	35.161
35.324	27.077	33.548	47.306	42.452	31.824	27.176	39.077	26.000	35.214	37.125	37.350	37.538	25.750	33.677
35.941	27.192	35.484	47.056	38.355	33.735	28.824	36.500	27.952	33.893	34.812	37.750	38.000	26.500	37.355
36.765	26.692	32.774	43.639	39.548	33.676	27.235	34.500	27.048	34.036	37.188	37.400	38.962	29.417	37.387
36.971	26.077	37.710	45.833	38.903	32.235	28.000	34.462	29.000	34.179	33.812	36.900	37.038	29.167	36.581
34.588	27.000	33.839	46.444	36.581	31.441	29.147	37.385	27.190	34.000	34.938	37.150	37.769	26.333	38.129
34.794	26.000	34.613	46.417	39.194	33.324	27.618	36.308	27.190	33.357	38.812	36.700	38.885	31.417	36.097
37.147	25.385	36.645	42.694	41.516	33.735	27.118	34.962	26.048	34.321	34.000	38.200	38.077	26.250	34.839
35.941	26.385	34.355	45.639	39.903	32.706	26.647	36.731	27.143	34.036	38.438	40.150	37.731	27.333	36.710
35.206	25.731	35.355	45.889	40.355	31.059	26.500	37.308	27.000	34.429	34.000	34.800	38.923	27.167	38.548
34.382	27.731	34.903	45.139	39.839	32.265	26.118	35.269	29.667	33.500	35.688	39.750	38.615	26.167	36.419
34.735	29.615	36.129	44.333	38.806	33.000	25.853	35.769	29.810	33.357	35.062	38.950	34.654	28.083	33.516
35.353	28.077	35.065	46.833	39.677	31.471	26.294	36.231	25.952	32.893	39.625	37.100	37.731	30.750	34.323
34.206	27.077	36.935	43.500	39.581	32.647	28.088	36.077	26.238	35.250	35.438	35.150	38.808	28.333	36.677
34.000	26.731	35.161	44.194	38.613	31.882	26.735	35.577	27.429	35.286	33.688	37.000	37.115	28.667	34.645
35.853	28.115	35.355	43.722	38.806	31.588	25.265	36.000	26.286	33.393	32.875	34.800	36.423	29.083	36.387
32.912	28.000	34.452	45.389	36.032	31.912	26.176	35.731	27.952	33.536	38.688	38.200	35.462	28.167	32.710
34.500	26.269	36.161	46.778	37.613	32.088	26.500	35.385	24.190	35.179	37.812	34.800	41.462	26.583	37.000
34.941	27.923	36.677	45.222	37.065	31.706	25.676	35.577	28.143	32.857	37.000	39.450	36.769	28.667	37.065
36.059	27.423	35.355	47.472	40.355	33.912	25.765	36.769	28.381	35.679	33.875	37.500	40.731	30.250	36.387
33.853	27.962	35.516	44.694	39.903	29.618	25.294	36.000	27.190	33.286	35.750	36.450	36.615	27.750	34.000
32.882	30.500	34.032	45.861	40.677	32.971	26.176	35.846	28.476	33.071	37.438	35.950	38.462	26.333	34.097
32.941	27.615	34.161	43.806	40.452	33.971	26.235	38.692	28.619	33.536	36.750	38.550	36.038	28.250	34.710
35.353	27.269	37.258	44.250	38.355	30.971	26.765	35.769	27.095	34.286	37.062	37.050	37.731	27.750	34.677
35.765	29.308	34.839	46.028	40.839	33.088	26.353	36.115	24.952	35.250	35.625	38.850	37.692	27.917	34.968
34.059	26.231	36.452	45.278	40.935	32.971	26.147	35.000	30.048	34.679	36.188	40.850	37.423	30.583	33.968
36.706	27.038	35.161	44.111	37.903	32.029	26.029	35.615	25.524	34.893	37.062	37.950	37.577	28.500	37.097
39.235	28.115	36.226	45.028	41.484	31.853	27.618	35.962	30.000	32.429	38.812	38.350	40.000	28.417	36.548
39.882	28.115	36.806	45.333	39.935	32.559	27.647	35.962	28.381	34.107	35.438	38.000	39.962	29.500	35.903
40.559	29.000	35.871	46.000	40.613	32.294	28.000	36.538	25.524	34.679	36.812	41.500	39.577	26.083	35.484
43.206	31.308	35.774	43.028	40.161	32.324	25.971	36.500	27.000	35.857	34.938	39.400	37.038	31.583	35.000
43.206	36.462	32.742	46.778	38.645	32.706	27.206	36.500	28.619	33.857	38.625	37.750	40.423	31.833	35.129
44.294	33.577	35.452	45.056	41.000	33.706	26.471	38.192	31.286	34.643	38.125	36.750	39.308	29.333	37.387
44.206	34.615	35.419	47.861	40.097	34.794	29.176	35.538	30.143	33.179	33.625	41.400	38.462	25.667	36.290
43.765	35.192	35.774	47.000	39.935	33.235	28.118	36.269	28.619	33.857	39.312	39.950	41.615	30.833	35.226
41.824	32.346	35.323	44.806	39.323	29.941	28.265	37.769	27.667	37.321	36.500	40.250	40.923	28.250	35.742
43.765	34.538	36.387	45.528	40.226	31.824	24.824	35.577	31.619	33.929	38.000	40.500	40.154	30.167	36.968
44.088	34.346	38.000	43.556	40.516	33.676	28.853	39.154	25.524	33.321	36.812	41.650	42.654	29.250	34.452
42.941	33.154	35.935	47.306	39.677	34.618	27.529	36.346	30.429	32.429	36.062	38.450	40.038	29.083	33.774
43.382	35.500	35.000	46.389	39.774	32.382	28.441	37.000	27.524	33.250	36.688	37.300	40.615	28.917	36.677
41.971	35.231	35.742	45.556	39.387	33.765	27.853	37.731	28.000	33.179	39.125	38.850	38.231	27.500	35.774
43.706	32.885	36.290	46.056	39.129	34.412	27.382	35.962	27.000	35.321	40.688	35.950	40.577	29.917	35.871
44.588	33.192	36.613	44.278	41.968	34.088	26.265	38.115	27.048	35.500	37.375	39.100	40.269	29.583	34.452
44.059	34.846	35.968	46.833	40.581	31.500	26.324	35.462	28.000	32.857	38.000	38.300	39.577	29.333	33.806
42.912	33.154	37.419	44.917	38.677	30.265	27.647	38.923	28.952	32.143	40.812	36.000	39.308	30.333	35.645
43.441	33.231	33.742	44.722	41.161	30.941	27.176	36.038	28.333	32.429	39.562	37.250	39.269	27.667	31.968
45.118	30.385	35.355	45.889	41.290	31.765	29.441	38.962	30.238	33.607	36.375	37.350	39.154	26.333	34.613
45.294	33.423	34.355	48.833	38.000	33.147	26.088	38.500	28.524	30.607	38.812	38.800	42.231	29.083	31.903
45.176	35.654	35.806	46.083	39.935	33.265	26.412	38.615	30.143	32.536	39.812	39.350	41.346	29.167	33.032
42.265	34.154	33.129	47.194	39.355	30.647	27.265	39.346	28.762	35.393	38.438	39.950	39.154	29.083	33.935
44.088	34.538	34.065	46.028	40.968	31.971	27.353	39.115	26.429	32.071	37.125	36.250	40.038	30.167	33.226
44.559	35.038	32.032	45.528	40.968	33.618	27.706	39.808	28.524	34.464	38.125	38.300	40.269	28.000	33.290
43.412	37.192	34.065	46.222	37.968	33.265	28.000	41.923	29.000	31.393	36.625	37.250	41.692	32.000	36.677
44.882	37.423	35.419	45.694	40.323	32.588	25.735	43.692	30.048	33.714	36.688	38.750	42.231	27.417	36.806
42.618	37.077	38.258	45.889	39.968	29.824	27.353	41.154	29.333	34.393	36.750	37.900	39.346	33.333	32.581
46.353	36.231	32.452	46.472	41.419	34.235	27.735	43.462	29.905	34.643	40.438	37.750	43.462	30.333	32.516
44.029	36.808	33.968	45.972	36.677	33.912	26.794	41.538	29.762	31.286	36.125	39.550	41.731	31.917	34.581
44.706	34.385	35.452	45.639	41.645	36.000	28.000	41.231	32.286	32.321	35.000	38.150	41.462	28.667	33.613
44.735	37.077	36.226	45.111	40.097	36.353	28.676	40.962	28.476	35.643	39.812	36.950	40.462	39.417	35.032
46.529	35.769	34.290	47.861	40.935	35.941	29.088	43.385	31.238	34.750	35.938	36.850	39.923	36.667	35.290
40.882	35.154	33.548	46.611	40.968	34.412	27.794	43.115	27.810	33.036	38.250	39.450	44.615	37.417	33.903
43.000	34.654	33.355	47.667	42.226	34.471	28.735	42.615	32.524	32.893	36.375	39.650	42.346	38.000	32.581
45.912	38.577	36.516	45.306	42.742	34.941	28.382	43.769	32.190	33.214	34.375	37.650	40.500	41.250	34.226
45.206	38.538	35.774	45.750	41.194	34.324	30.824	42.269	30.524	36.071	38.125	38.050	40.077	38.500	34.097
41.912	36.846	37.065	46.389	41.935	32.559	27.647	41.885	30.857	34.071	37.062	37.750	41.846	43.000	35.355
43.941	35.308	34.613	46.389	41.355	33.794	27.853	41.731	34.333	34.000	39.250	40.650	42.538	38.833	33.903
40.235	35.346	36.677	45.972	40.581	33.735	28.382	39.654	33.095	31.607	34.625	40.100	38.692	36.583	34.161
44.029	35.423	32.677	43.944	42.645	35.088	29.147	42.615	31.095	32.929	35.125	37.000	42.115	37.333	33.903
42.853	35.462	34.194	45.139	39.710	35.412	27.147	45.731	30.667	34.071	39.000	36.300	39.577	42.083	34.290
43.353	40.038	34.742	45.556	39.839	33.500	28.382	46.269	31.762	35.714	38.250	37.650	38.577	36.833	35.903
44.382	38.692	34.581	45.972	40.806	35.735	26.912	45.577	30.333	33.071	37.438	36.900	40.077	36.833	33.226
42.000	36.692	35.710	46.806	39.000	37.412	26.206	43.308	31.762	34.071	37.938	37.650	40.923	40.167	34.806
39.647	38.269	39.355	44.083	41.387	36.176	27.676	41.885	34.571	32.179	37.562	35.800	40.385	39.417	32.774
40.412	36.423	38.097	44.472	39.387	35.324	26.235	45.269	30.857	34.000	38.812	39.450	43.577	39.333	34.226
40.882	37.577	34.419	43.500	40.903	37.147	28.941	43.269	30.333	33.750	38.000	39.600	38.269	40.333	32.645
40.029	38.154	38.645	45.667	38.032	32.559	26.794	41.462	30.762	33.607	38.500	37.550	40.846	41.917	34.290
37.676	38.231	37.161	44.944	40.258	35.265	26.588	44.615	32.381	34.643	36.812	38.050	41.000	39.667	34.677
40.588	38.077	35.613	45.500	40.613	35.912	28.029	43.962	31.286	31.536	38.625	37.400	42.462	40.917	35.129
38.441	37.846	38.774	44.833	38.097	33.676	27.324	42.692	29.286	33.214	37.250	39.000	39.731	41.250	36.581
42.206	38.269	37.290	47.083	40.935	37.412	26.912	43.231	33.381	33.821	36.875	36.650	43.654	41.167	31.677
38.235	36.615	36.968	46.500	40.968	35.676	26.471	45.731	33.952	31.929	38.312	38.200	39.769	39.250	33.581
37.294	36.692	35.613	45.750	41.516	35.500	26.882	41.308	34.905	34.786	36.312	34.600	38.731	39.667	33.968
37.559	38.115	35.548	45.472	39.323	35.029	25.588	42.962	32.286	32.964	38.625	38.450	41.577	42.250	32.323
39.382	37.500	35.290	44.167	38.839	36.000	27.529	42.231	30.190	33.893	35.375	35.000	40.077	41.750	35.194
34.588	38.115	34.968	46.806	43.581	33.765	27.294	44.154	28.810	33.357	36.375	34.000	39.385	40.833	33.710
39.324	37.577	37.645	46.444	43.452	33.529	26.353	46.038	32.524	32.893	34.062	37.850	39.615	40.833	32.613
36.647	38.154	37.484	44.722	40.097	35.971	27.412	40.923	35.000	32.321	37.688	39.250	40.654	40.000	31.968
33.029	38.308	38.226	46.583	40.194	34.382	26.941	45.077	33.333	34.750	35.062	37.750	43.308	42.667	35.355
34.529	38.115	37.774	47.167	39.871	35.206	26.529	43.654	32.143	31.179	34.562	38.350	40.269	41.167	32.774
34.529	35.077	36.710	47.056	39.935	36.000	26.765	45.615	31.905	35.607	35.062	38.850	41.500	35.833	32.935
37.735	39.462	33.000	45.222	38.677	33.794	26.529	41.000	28.810	31.571	38.250	36.850	42.154	37.833	33.194
36.765	38.731	34.258	47.639	38.968	34.059	26.647	42.269	30.857	31.107	35.250	38.100	41.538	42.250	33.129
35.206	37.462	36.452	46.306	41.290	34.500	29.265	43.577	30.857	34.393	37.438	40.150	38.808	43.167	33.484
34.412	36.846	35.355	44.694	38.161	34.176	29.941	40.615	30.286	33.143	35.938	37.200	43.462	41.167	33.290
36.824	36.769	35.290	43.000	38.194	33.324	30.971	44.423	28.714	32.464	35.312	38.350	39.115	40.500	32.194
36.735	37.692	36.484	45.806	39.065	35.676	31.647	43.000	30.667	32.679	36.938	37.500	42.538	37.500	32.710
36.471	40.308	35.968	43.667	39.935	35.618	31.500	43.000	28.143	33.607	36.812	35.250	40.462	43.000	34.710
36.765	36.615	34.097	44.250	38.871	34.147	27.676	43.885	28.619	36.107	35.812	38.200	42.462	38.583	32.323
35.618	36.500	35.677	45.750	41.290	32.500	26.853	41.538	30.667	31.214	34.875	38.400	43.308	40.500	31.065
34.176	37.269	37.323	44.889	39.742	35.382	29.676	45.038	29.190	33.321	37.438	39.250	38.500	38.833	31.935
37.265	38.000	35.581	44.694	40.161	33.029	30.559	41.000	32.571	32.286	36.812	35.750	41.231	40.167	32.839
35.794	38.615	34.645	48.361	38.774	33.353	26.765	44.615	29.429	33.429	36.688	35.350	40.538	41.083	33.613
38.353	37.962	34.452	48.194	40.032	35.500	27.735	41.462	28.095	33.607	33.750	37.550	41.231	40.583	31.548
35.324	38.923	35.548	46.583	40.484	35.029	30.441	43.577	29.952	34.179	37.000	39.700	43.808	39.917	36.677
34.382	39.077	36.548	49.361	39.194	34.706	30.912	43.577	29.429	32.857	38.750	39.650	38.846	40.750	32.516
34.706	39.115	35.774	48.639	39.645	35.294	30.059	42.923	32.810	32.821	36.375	33.600	40.846	40.083	34.161
37.559	35.808	35.516	49.694	38.548	36.206	29.971	41.846	33.143	30.607	35.938	38.200	40.423	38.667	32.516
35.647	38.423	33.065	49.778	39.968	36.206	29.529	40.962	33.857	31.679	36.812	38.600	39.923	35.833	33.290
35.000	35.846	35.419	51.500	39.839	36.059	28.765	45.000	32.238	32.536	35.625	35.600	39.923	39.500	31.484
35.765	36.231	40.194	52.444	38.742	34.235	28.118	43.615	31.238	33.429	37.000	38.050	40.808	39.833	34.484
37.176	37.885	35.194	49.417	39.290	36.500	29.382	42.038	33.619	33.071	37.250	35.900	38.192	38.750	36.258
35.000	37.769	36.226	48.500	40.032	35.029	29.382	41.731	33.095	32.857	35.688	35.650	39.692	38.167	32.839
35.294	37.231	38.484	48.139	38.774	35.559	30.706	44.808	32.952	34.893	35.500	39.100	43.154	42.167	32.935
39.529	35.308	36.839	48.472	40.226	35.353	32.000	42.538	34.524	34.250	34.438	36.850	39.269	37.667	33.516
40.824	37.192	35.452	51.472	40.806	35.147	28.471	44.731	31.476	32.571	40.125	34.400	39.423	44.917	32.387
40.853	37.346	38.710	51.083	38.677	35.235	28.706	44.808	32.524	33.393	33.062	39.050	39.846	38.917	32.323
41.971	36.500	38.677	51.583	40.613	34.294	30.294	43.846	30.667	33.464	34.688	37.250	40.000	37.250	31.645
42.029	38.500	38.871	48.778	38.581	35.618	30.500	43.000	32.190	31.500	33.312	36.000	41.962	41.083	35.000
42.765	37.462	40.258	49.583	40.710	34.029	28.824	44.538	30.619	33.250	35.938	38.550	38.769	40.000	32.129
45.118	36.808	38.161	50.806	39.065	34.471	28.912	47.308	30.524	32.964	36.312	40.550	39.500	38.583	33.839
44.618	35.308	39.548	48.639	39.935	33.912	29.382	45.615	31.905	32.000	36.500	40.550	38.615	40.917	34.774
40.059	38.423	38.452	50.889	40.129	36.824	29.059	45.077	31.952	31.286	34.625	39.850	40.000	40.750	32.226
43.853	38.038	36.032	48.417	39.806	33.882	28.353	44.077	32.905	30.893	36.000	34.900	40.462	41.417	32.484
42.235	36.769	38.774	48.611	41.194	35.941	26.353	42.923	34.333	31.429	37.938	36.550	41.038	37.417	32.935
44.206	35.769	36.548	52.139	39.290	33.794	26.912	43.500	28.810	30.786	37.500	36.100	41.808	37.917	33.710
42.382	37.000	35.871	49.222	41.194	36.735	28.294	44.462	29.857	32.250	34.562	38.000	37.615	36.500	34.839
41.441	35.385	36.839	48.083	40.548	35.206	30.176	46.308	31.810	32.857	36.438	36.250	40.308	42.333	35.742
40.794	35.654	36.710	51.611	36.387	34.676	29.559	42.346	28.667	31.464	36.000	35.200	39.346	35.500	32.452
38.265	35.731	37.065	45.694	39.194	34.647	31.500	43.731	31.905	32.393	35.250	36.450	39.577	38.917	33.548
38.971	35.615	38.258	45.639	37.548	35.706	29.441	44.346	29.286	33.857	38.500	36.800	38.808	39.417	32.226
41.294	37.308	36.387	47.722	41.129	34.794	30.765	45.769	27.905	31.000	36.312	37.950	38.962	39.750	33.581
40.235	38.385	36.581	47.861	41.548	35.000	29.265	43.423	30.524	34.357	37.250	39.750	39.577	38.667	34.226
38.794	36.000	36.484	49.778	37.839	34.500	30.176	41.308	32.238	32.964	35.312	36.700	39.692	39.083	33.355
38.912	37.038	39.677	49.972	39.290	35.029	28.412	42.731	34.381	34.536	37.438	36.750	37.808	36.583	32.903
36.853	38.269	34.871	49.611	41.645	35.912	29.500	40.885	31.905	34.143	35.562	37.450	38.962	32.250	31.742
39.059	39.115	38.710	47.306	38.581	35.647	29.676	39.846	31.429	32.750	37.688	38.600	40.654	36.667	31.097
38.618	35.846	38.387	48.306	41.677	34.912	28.853	42.462	28.190	33.321	35.688	37.850	39.385	38.083	32.839
39.500	37.846	37.161	49.194	39.710	33.588	28.765	43.731	29.714	33.964	36.938	35.600	40.154	37.500	32.839
38.294	35.885	38.419	49.083	39.161	34.029	29.412	43.154	26.810	30.214	34.688	35.800	40.269	36.083	34.161
36.912	36.808	35.161	48.000	39.419	35.294	30.735	40.231	31.619	31.500	35.000	36.200	37.115	36.167	32.613
37.235	34.731	38.677	47.722	40.903	34.971	31.088	40.231	34.667	31.607	34.188	36.450	41.154	39.250	33.032
35.412	35.808	38.613	47.750	39.548	33.088	26.559	41.846	28.286	32.893	33.312	36.150	38.077	38.083	32.774
36.588	35.654	40.161	50.139	36.581	35.206	29.853	43.846	32.667	33.393	36.750	37.350	37.923	37.583	32.645
38.647	39.192	38.516	48.694	37.548	33.735	30.471	43.577	29.667	32.607	36.250	36.350	39.962	40.083	31.774
38.559	37.731	41.774	47.806	39.613	33.176	28.471	43.154	30.714	32.357	36.125	35.850	37.885	38.583	32.613
38.441	37.077	39.258	47.833	39.032	34.559	30.324	43.269	28.381	32.464	38.875	38.000	37.577	37.833	34.355
36.235	37.962	40.129	49.000	40.839	36.382	29.882	42.962	32.476	31.464	36.125	35.300	39.500	36.667	32.516
34.647	37.962	40.226	47.750	38.194	35.500	29.853	40.962	33.952	32.393	36.188	36.050	39.231	38.250	34.000
34.059	36.731	40.032	46.194	39.677	33.529	28.000	43.769	30.381	32.071	37.250	35.100	40.115	33.000	34.806
35.971	36.769	38.194	50.167	38.645	36.500	30.029	43.962	32.762	32.464	38.062	37.850	41.885	36.583	33.484
35.882	37.077	39.935	45.889	40.097	34.235	28.529	40.385	27.143	33.250	39.062	38.650	38.038	37.167	32.355
36.471	36.962	38.516	47.000	38.258	34.000	29.118	43.885	27.714	31.107	36.312	35.800	38.192	36.167	32.323
35.382	35.231	41.903	50.806	41.194	35.088	30.353	42.269	30.905	32.964	36.562	37.650	38.077	35.167	33.516
36.206	38.500	42.419	49.528	40.516	33.971	29.265	41.346	27.286	31.786	34.625	36.000	38.154	33.333	34.032
35.441	35.269	41.581	48.667	39.806	35.588	29.941	41.769	29.857	30.929	35.750	35.500	38.115	37.583	32.387
38.412	36.038	43.871	48.194	39.968	34.235	29.059	40.654	28.048	33.429	36.250	38.450	38.038	41.417	32.387
39.647	38.808	46.419	49.278	39.323	36.471	28.088	41.615	29.762	30.536	35.000	36.450	38.038	40.083	33.839
41.000	35.923	46.548	48.917	40.000	34.853	28.353	41.808	29.714	32.607	36.000	35.100	39.654	39.167	33.710
41.294	35.308	46.323	46.889	39.290	34.324	29.088	40.308	30.333	31.679	34.312	37.700	36.769	36.167	33.226
41.324	36.731	52.226	47.861	39.645	33.500	27.059	39.231	28.095	34.286	35.188	36.750	37.808	34.500	32.258
38.706	39.038	50.355	46.556	40.548	35.324	27.500	40.769	30.000	31.821	33.188	35.650	35.038	39.333	32.871
38.676	36.500	49.419	46.528	39.774	34.588	26.029	42.962	27.000	31.000	35.125	36.400	35.962	32.750	32.968
40.294	37.269	50.677	46.139	40.935	31.471	27.912	42.077	30.524	31.786	37.312	36.700	40.192	35.667	32.774
40.735	34.423	48.226	47.417	40.935	35.500	25.382	41.346	30.952	33.250	37.000	33.200	36.385	33.250	33.581
36.441	36.808	47.065	48.056	40.484	33.265	27.059	43.731	29.048	30.536	34.125	36.700	38.577	38.917	34.258
39.147	36.962	51.387	44.944	38.839	35.824	29.088	42.846	29.333	31.821	37.875	35.650	40.000	38.083	33.290
37.794	36.846	51.000	49.056	38.516	35.147	26.412	38.769	30.857	33.107	38.375	38.750	37.308	35.583	34.097
37.647	36.000	48.677	48.750	38.194	33.147	27.912	43.231	31.000	31.179	36.188	36.250	40.308	37.250	33.774
37.000	39.308	49.806	46.583	39.742	33.559	30.088	41.538	31.286	29.643	35.312	39.550	39.769	34.750	34.548
38.382	34.192	50.000	46.528	40.323	33.882	30.912	41.538	30.333	31.143	36.125	37.500	40.962	36.583	33.000
36.618	38.346	49.000	49.028	39.581	35.265	30.941	40.346	29.476	33.679	36.688	37.700	38.077	34.167	31.355
38.412	36.385	48.065	48.750	38.645	31.735	29.971	40.962	30.714	32.107	35.375	36.400	39.885	33.083	32.387
36.500	37.346	49.871	49.861	38.387	34.618	29.735	41.308	31.190	31.821	35.688	37.450	41.538	34.500	33.226
36.882	37.769	48.774	47.861	38.419	33.206	28.147	40.654	32.190	32.500	34.875	36.450	39.615	36.833	34.871
36.206	38.077	52.161	46.694	39.806	34.706	27.382	44.385	30.381	29.964	34.875	38.400	38.577	34.500	35.839
35.912	37.423	50.903	45.333	39.161	33.500	28.500	40.231	29.000	31.393	37.000	36.700	43.308	35.667	33.000
37.853	35.692	49.710	48.944	40.806	35.382	27.265	44.038	34.000	32.821	35.500	37.050	39.423	32.833	31.258
40.706	36.000	48.935	47.139	39.000	34.176	29.088	37.962	31.333	32.286	36.125	35.300	37.846	30.917	33.677
39.000	36.769	49.161	49.722	38.710	32.882	26.529	42.154	32.143	31.821	35.625	38.900	38.231	30.583	32.968
40.588	37.769	49.968	46.500	38.290	32.971	29.529	40.423	28.905	30.321	34.875	36.950	39.000	32.667	32.161
43.059	38.115	48.806	49.889	40.000	36.529	27.676	40.923	32.095	32.571	37.250	37.650	38.269	31.333	32.742
40.382	38.000	50.903	50.722	37.968	34.853	27.735	40.000	26.333	33.107	36.562	36.100	39.885	34.500	33.710
41.618	33.577	48.484	49.333	39.452	32.765	27.588	40.615	28.952	30.500	34.438	35.250	40.231	30.917	33.516
41.118	38.769	50.032	46.139	40.258	34.647	29.000	42.115	28.714	34.000	35.875	37.000	38.615	30.583	34.258
40.147	36.654	51.258	48.778	39.387	33.588	29.735	38.385	32.286	31.429	37.625	34.550	39.115	32.917	33.710
38.588	36.192	51.710	47.528	39.419	35.382	28.882	41.385	29.143	32.607	39.500	34.550	38.577	32.833	31.323
40.059	38.962	50.065	48.111	40.161	35.206	29.206	42.115	28.429	29.179	35.562	35.700	37.154	30.417	32.968
39.647	38.154	50.613	47.944	37.032	33.647	31.294	41.038	28.476	33.536	35.188	35.550	38.346	33.750	30.742
37.265	38.269	50.032	48.806	38.161	36.088	27.559	40.038	30.762	31.107	36.250	36.550	38.154	32.000	31.387
38.676	36.962	54.452	45.583	38.677	30.882	29.176	42.423	29.810	32.500	35.562	35.950	36.000	32.750	32.516
36.824	36.692	47.774	48.278	41.710	30.853	27.794	40.538	29.333	30.750	36.875	38.900	36.769	31.000	31.581
36.676	35.154	50.323	45.944	38.839	34.059	30.206	39.385	28.571	32.179	37.000	35.450	36.577	33.417	32.097
37.765	38.192	53.968	47.000	38.387	32.471	26.382	41.308	29.381	33.393	34.375	37.850	40.808	33.667	33.097
36.324	40.192	50.097	49.306	38.742	35.912	27.088	40.462	28.048	32.464	36.250	35.000	38.692	31.917	32.258
35.059	38.654	51.839	48.861	36.839	33.265	27.118	38.885	28.190	32.786	34.938	36.400	36.192	30.167	32.355
34.147	39.308	51.613	46.528	40.548	34.500	28.088	38.808	30.571	31.893	34.750	37.350	38.615	32.417	34.323
37.441	37.038	52.000	50.667	39.806	34.647	27.235	41.077	27.333	31.964	34.188	37.000	36.308	29.833	34.065
38.235	36.038	56.613	45.528	39.839	34.588	25.176	38.500	27.143	31.179	33.625	34.250	37.615	37.000	33.774
35.971	38.231	52.161	47.500	38.677	34.206	24.824	37.923	28.143	31.643	36.312	36.050	38.346	32.000	32.839
35.706	37.192	51.097	47.417	37.935	32.824	26.824	41.615	26.714	32.393	38.500	34.350	37.615	34.583	32.032
35.353	37.808	55.161	46.778	41.355	33.382	27.647	39.808	29.619	30.786	35.250	34.800	37.000	32.500	30.226
37.088	37.885	51.871	50.028	38.129	33.559	27.853	39.846	29.333	31.750	34.062	39.050	39.962	30.750	34.452
37.324	38.115	50.839	47.028	39.516	33.441	25.559	39.654	28.476	31.536	33.938	35.900	36.654	30.583	31.839
35.382	39.500	50.903	49.472	41.968	33.735	25.765	40.385	27.429	31.821	34.625	34.500	36.000	31.417	31.645
34.441	36.385	50.774	45.000	39.097	33.324	25.912	40.231	28.571	30.536	34.375	35.950	36.923	31.750	31.677
35.176	36.308	52.742	47.528	39.129	30.824	24.588	38.423	27.952	32.536	34.625	35.150	40.538	27.833	32.677
37.735	38.231	49.613	46.528	39.419	33.882	26.118	40.077	29.381	30.750	34.125	37.250	36.962	30.833	31.903
41.000	36.462	49.355	45.583	37.774	33.235	25.324	39.385	27.524	31.643	33.375	35.400	35.385	34.083	32.742
40.618	36.231	51.387	46.528	38.677	33.353	24.353	39.346	28.714	34.429	35.375	34.500	36.615	31.667	30.935
40.324	36.154	49.548	47.278	39.032	33.353	25.912	41.462	30.667	29.250	35.188	35.400	37.192	33.083	32.548
39.735	38.846	51.452	47.611	36.871	31.029	25.676	39.000	29.810	31.929	32.500	33.900	35.962	32.833	30.677
38.088	37.154	51.645	45.500	38.645	32.706	24.618	35.615	29.571	29.964	33.312	36.200	38.423	33.250	30.161
41.441	35.038	50.129	47.778	38.258	30.118	24.912	39.077	29.952	32.464	38.312	30.950	38.808	30.000	32.323
40.176	38.115	52.387	49.194	37.097	30.294	25.529	37.731	28.905	29.536	34.188	34.900	37.538	32.333	30.161
40.588	35.615	51.968	47.500	38.548	33.882	28.176	38.692	28.190	31.750	37.250	35.900	35.385	32.917	32.935
41.059	37.077	50.484	48.556	39.548	34.088	29.912	39.577	28.810	32.786	35.812	38.150	36.962	29.333	31.032
41.235	38.423	52.355	45.556	35.871	33.794	30.147	40.269	27.048	32.036	35.938	37.600	37.769	35.083	30.903
38.735	38.038	50.677	49.722	39.452	32.206	28.265	39.077	27.762	31.857	35.188	32.600	36.115	31.583	30.484
40.324	34.769	51.613	46.833	38.677	32.500	30.559	41.231	27.857	31.036	33.125	36.700	38.423	33.833	30.387
38.118	36.346	52.097	46.667	38.774	31.941	31.059	40.115	29.476	32.929	32.500	37.650	37.462	31.000	32.065
39.000	36.846	51.226	46.972	39.548	32.912	28.265	39.885	29.333	33.393	36.812	35.650	38.423	33.583	32.613
37.235	36.077	47.226	46.833	39.968	32.765	29.471	39.154	29.476	32.071	36.188	36.700	35.577	33.083	33.226
36.382	36.769	51.806	45.028	37.968	31.647	28.176	39.654	27.238	33.036	34.438	36.250	39.462	29.417	33.613
36.618	33.731	49.871	44.111	39.839	31.912	29.765	40.269	27.190	30.821	37.062	35.450	40.115	35.500	30.484
38.294	35.923	46.032	46.306	38.645	31.853	30.206	39.423	29.000	32.500	36.438	36.250	35.154	32.417	30.355
35.853	34.923	48.613	46.333	38.871	29.882	28.265	41.231	27.000	32.893	35.562	35.950	39.500	31.917	32.387
35.676	35.423	46.645	45.278	37.548	34.235	29.029	40.654	29.714	31.643	37.938	36.450	38.115	30.000	32.968
38.412	35.846	47.419	44.972	36.355	32.353	26.912	39.115	25.952	31.286	34.562	36.750	39.577	34.917	31.645
37.588	36.423	51.032	47.611	39.032	34.059	28.735	42.654	28.143	31.929	36.688	34.850	39.654	32.333	32.613
37.765	37.769	46.065	45.250	38.355	32.176	26.824	39.846	27.571	33.321	37.625	36.400	36.808	30.500	31.000
36.647	35.538	50.774	45.028	39.032	32.353	29.000	41.192	28.667	34.500	36.312	35.950	38.808	36.083	33.419
33.735	33.846	47.419	44.278	38.613	33.176	31.147	39.423	28.429	31.393	37.375	35.650	35.769	38.417	32.323
34.088	35.769	50.387	45.472	39.355	32.559	28.882	37.577	27.571	33.821	37.688	37.000	37.192	35.083	32.323
34.441	37.308	46.548	45.778	38.032	32.676	29.029	41.808	28.810	30.536	37.500	34.300	37.615	39.833	33.548
35.588	37.308	47.710	44.222	39.355	32.412	28.941	34.385	27.190	32.964	34.562	36.000	38.000	37.167	30.516
35.647	37.500	47.871	44.528	38.871	31.353	28.088	40.269	28.095	31.107	39.438	34.150	40.269	38.417	32.903
36.971	37.308	53.258	47.306	38.613	31.794	27.882	38.269	26.810	33.750	36.188	37.400	37.269	36.083	33.968
36.029	36.423	49.129	47.306	37.710	31.882	27.647	38.115	30.905	30.714	35.250	36.150	41.192	37.917	30.774
33.647	36.923	51.839	42.278	40.548	32.265	27.853	37.923	28.429	31.000	32.250	35.200	35.577	37.333	30.484
34.324	36.846	51.742	42.056	38.065	31.441	29.471	38.577	26.238	29.143	36.750	35.400	38.000	40.000	32.452
34.765	35.538	48.419	46.444	40.000	30.765	25.235	39.231	28.429	34.357	36.438	34.950	37.462	36.667	31.581
34.147	36.692	50.871	45.333	36.000	32.000	27.588	39.692	27.619	30.429	35.125	36.400	37.269	39.167	33.065
36.294	35.192	47.871	44.639	37.742	31.176	27.118	38.462	26.429	30.036	32.500	34.150	34.923	39.000	32.677
35.853	37.769	49.290	45.611	38.323	31.059	26.353	38.231	25.952	30.071	34.125	35.550	37.269	36.500	33.065
32.647	36.077	49.452	43.417	39.000	33.382	26.618	38.615	28.667	32.393	37.188	34.750	37.692	36.500	31.645
34.647	39.000	53.387	44.056	39.419	33.265	25.794	40.077	27.476	30.286	34.812	36.550	37.615	41.000	32.355
31.118	36.808	52.194	44.194	37.032	31.735	25.676	35.731	27.429	30.179	35.062	37.250	37.308	37.917	30.548
34.559	36.962	51.290	45.194	38.387	32.559	28.853	36.308	27.190	31.250	36.062	35.500	35.192	41.417	32.097
34.176	36.462	52.065	44.056	36.839	30.000	29.765	37.077	29.619	32.321	34.625	33.650	37.231	38.167	31.935
32.941	35.808	49.129	41.889	38.935	30.794	27.265	38.654	26.381	30.786	37.500	35.550	37.269	42.833	30.355
35.235	34.962	48.581	44.250	35.516	29.294	28.324	38.808	27.048	30.607	34.812	34.050	36.115	35.333	30.613
34.706	35.731	48.548	43.333	35.323	32.324	26.176	40.077	26.762	33.357	35.062	35.000	36.654	37.750	33.484
35.618	33.654	50.065	43.861	37.903	30.029	26.735	36.154	26.000	32.250	35.062	33.850	34.538	38.083	33.161
33.647	34.462	48.161	43.194	39.742	28.618	25.824	36.423	27.238	32.143	36.312	33.350	35.538	39.417	30.581
35.029	35.769	50.065	43.278	37.548	31.765	26.294	38.500	27.619	31.786	35.250	34.100	35.423	40.167	33.097
33.765	32.000	51.065	44.750	37.323	32.353	26.235	37.308	25.048	30.250	37.875	35.700	34.846	38.833	30.645
33.000	34.423	48.484	42.972	39.613	31.941	25.118	39.192	28.905	33.321	35.375	33.550	38.038	37.500	31.806
36.500	33.500	47.774	43.306	41.613	31.529	26.059	36.923	26.762	32.143	37.688	35.350	36.846	38.167	31.935
36.441	33.577	47.645	44.611	36.613	31.706	26.088	37.346	27.286	33.036	33.812	35.650	37.885	35.000	32.323
32.735	30.923	49.323	44.167	38.000	30.853	26.441	37.115	26.333	31.250	32.312	36.000	35.615	34.583	32.581
34.559	33.154	47.935	43.917	38.387	30.824	25.529	36.808	27.286	30.464	36.500	34.150	38.846	39.167	29.581
34.118	32.077	48.839	44.750	38.194	33.765	27.118	39.423	27.857	31.107	36.812	35.050	37.385	38.667	31.677
36.941	34.231	47.613	46.972	39.452	33.706	27.588	38.423	25.952	31.179	34.688	34.800	37.346	33.000	30.355
34.353	34.846	50.742	45.333	37.516	34.176	26.147	38.615	27.762	30.679	33.438	34.150	36.692	38.250	31.806
35.441	31.885	49.032	43.528	38.581	32.176	29.559	40.577	25.857	29.464	33.188	35.950	38.154	36.917	31.323
33.853	34.038	48.452	44.417	37.839	32.265	28.794	39.000	26.095	32.643	36.750	34.550	35.423	37.250	30.871
36.412	34.423	49.290	41.833	38.000	30.588	27.324	37.962	27.381	30.679	34.438	34.450	37.692	33.417	29.032
35.118	34.692	46.387	44.361	37.871	31.941	29.029	37.154	29.476	32.357	35.375	32.350	37.231	38.167	32.226
37.794	34.385	47.548	44.583	36.677	31.029	28.971	37.462	27.810	31.179	36.562	34.750	35.769	36.167	31.677
39.735	35.731	49.871	45.611	37.258	31.088	28.529	37.423	25.429	31.500	35.688	36.350	35.308	35.833	30.161
36.676	35.077	50.871	44.167	38.387	30.588	26.118	37.346	27.000	31.893	35.688	34.700	36.500	35.333	32.645
38.529	34.538	49.032	43.139	37.710	31.588	27.853	37.154	25.048	31.357	33.312	33.850	38.692	34.500	30.516
36.029	33.000	48.387	43.806	38.129	29.088	25.882	35.885	26.286	30.250	33.875	35.950	43.038	33.833	30.226
38.412	33.346	49.097	42.306	37.323	31.235	25.676	37.692	25.143	31.107	38.000	34.700	38.500	34.000	32.516
37.853	33.385	50.000	46.444	38.516	32.118	25.382	37.423	27.143	30.143	33.688	32.050	38.269	36.583	32.484
39.765	34.308	49.613	46.306	39.065	30.441	23.588	37.231	28.190	30.643	35.438	36.500	37.654	38.000	32.742
39.088	36.500	48.226	40.778	39.387	30.882	25.971	35.346	25.810	29.964	33.688	35.800	38.654	34.250	32.290
37.382	31.885	46.613	45.361	39.742	30.971	23.912	33.846	26.381	29.143	35.062	38.700	37.077	33.833	32.419
35.029	35.231	50.581	44.417	39.839	32.324	25.324	37.577	27.762	32.214	35.188	34.700	39.000	31.500	33.161
38.000	32.192	48.452	45.194	35.387	31.441	24.529	38.154	28.810	33.464	33.750	35.150	38.577	33.583	31.613
35.294	34.500	50.677	43.722	38.774	30.029	25.059	35.885	26.286	31.643	35.500	33.800	40.500	31.000	30.710
36.176	34.769	50.065	46.611	39.871	31.059	23.647	37.038	26.619	30.679	33.938	36.950	37.038	32.917	31.806
35.941	35.538	51.484	45.806	37.935	29.706	23.882	35.308	25.952	30.321	34.688	35.950	39.308	32.417	30.323
34.529	32.423	47.613	43.000	38.839	31.647	23.265	36.154	26.714	31.107	34.375	35.200	37.231	34.333	30.129
34.853	35.462	50.613	48.000	37.581	30.912	23.500	38.192	25.667	31.714	33.125	32.900	38.308	33.500	30.258
34.324	35.538	50.000	44.222	38.677	29.912	25.324	36.077	28.333	31.107	35.438	32.350	36.962	31.833	30.968
36.088	33.731	49.677	42.611	37.935	32.912	23.471	37.500	26.238	29.071	32.438	36.300	38.038	37.000	31.032
35.853	34.615	49.774	44.389	38.161	32.971	23.912	35.192	26.143	30.857	31.375	34.000	37.231	35.250	32.290
34.824	34.231	50.355	44.667	36.290	30.147	23.676	37.654	29.429	31.036	33.688	33.550	38.192	31.250	28.290
34.059	34.923	48.613	46.750	37.290	30.588	23.647	36.654	29.524	31.357	35.500	33.900	38.577	31.000	30.581
35.000	34.692	50.742	43.611	38.903	32.147	22.559	35.885	26.143	30.143	33.250	33.350	37.538	35.083	30.548
36.147	35.077	51.355	43.667	37.097	29.324	24.029	35.615	27.333	31.036	31.875	39.300	37.692	31.917	32.097
36.706	35.923	48.613	44.472	36.774	31.265	24.706	37.462	28.810	31.679	35.438	35.900	37.000	30.333	30.323
37.324	33.038	48.968	42.833	35.968	30.294	25.765	37.154	27.000	30.214	34.438	35.850	38.538	30.417	32.226
37.029	35.385	46.742	46.806	38.355	33.912	27.265	36.577	29.286	29.857	34.312	33.950	36.846	33.083	31.903
35.176	35.577	48.806	46.111	37.419	30.206	26.059	35.808	27.905	31.643	34.062	33.600	37.846	33.333	31.097
37.206	33.923	48.226	49.306	37.774	29.882	28.029	38.346	26.048	31.321	34.375	34.500	35.615	34.250	31.194
34.294	35.077	50.548	46.278	38.161	31.618	25.324	34.962	25.476	32.107	32.625	34.800	38.385	29.167	31.097
36.029	35.615	48.290	48.861	37.323	31.618	25.765	36.577	28.619	29.071	33.375	35.350	37.231	31.750	30.097
34.676	35.115	48.742	44.944	35.645	31.706	25.088	36.385	28.190	31.857	34.375	35.100	38.577	33.417	29.581
35.029	36.115	50.871	46.861	37.935	31.000	25.265	34.962	27.143	30.893	32.750	34.500	37.423	32.417	29.097
34.412	34.423	47.903	45.833	37.032	30.912	24.735	35.846	25.857	31.643	33.438	35.550	40.654	29.750	30.161
33.235	36.038	48.290	47.750	38.839	31.559	24.235	35.462	26.333	29.821	34.688	35.850	37.038	30.667	31.968
33.824	34.654	49.097	45.333	39.839	31.059	24.912	35.962	27.905	29.500	33.875	36.600	34.500	29.750	30.419
34.176	35.692	50.129	45.944	35.968	31.824	23.412	36.000	26.667	30.536	31.875	34.850	36.423	34.250	30.161
34.147	34.385	50.161	46.694	36.323	30.265	25.500	34.462	25.476	31.071	36.688	35.550	39.038	31.583	31.484
33.853	33.538	50.355	43.528	39.903	30.971	23.088	35.538	27.143	30.750	35.875	33.950	38.654	31.333	30.742
33.765	35.923	50.677	44.917	37.548	31.971	24.118	36.962	26.524	30.071	36.062	32.550	39.577	26.917	30.161
34.765	32.846	50.000	41.056	35.258	32.941	23.853	33.462	27.333	28.429	36.938	33.900	37.308	31.000	30.484
32.706	37.346	47.613	44.972	38.129	30.382	24.265	35.577	24.857	29.929	33.938	32.900	36.538	32.083	33.387
35.147	33.885	49.484	44.750	37.097	30.588	24.147	35.808	26.619	31.500	34.938	37.750	35.769	32.667	30.065
35.882	35.154	48.258	44.944	35.968	31.206	24.735	36.808	24.810	29.857	31.750	33.650	38.385	37.750	29.065
33.588	34.769	49.613	42.972	35.097	30.529	24.324	34.654	28.667	31.000	31.562	33.650	36.077	39.083	29.613
33.382	34.154	48.226	42.306	38.968	33.500	23.971	36.769	29.000	30.393	34.875	34.650	37.885	39.500	32.323
31.500	34.692	47.613	44.278	38.323	30.676	25.265	36.692	25.619	32.000	33.500	33.650	37.500	39.417	29.581
33.471	34.385	46.355	41.472	35.419	33.382	24.206	37.962	26.524	28.571	32.625	33.800	35.577	39.917	29.161
33.206	35.462	49.290	46.333	37.355	31.676	24.029	38.769	27.476	31.786	36.188	32.550	35.962	37.500	31.548
33.176	34.462	46.161	44.028	37.258	31.059	23.382	38.846	28.095	29.571	34.000	32.300	37.654	38.250	28.645
32.735	33.423	49.065	42.917	40.000	32.147	25.941	36.769	24.667	30.429	35.062	33.950	36.923	35.250	30.161
33.794	32.808	48.323	45.389	38.419	31.500	25.382	38.577	25.524	30.571	34.688	34.950	36.192	39.583	29.226
34.382	32.577	49.129	43.806	35.581	30.735	25.088	35.692	27.476	29.464	34.625	36.850	37.462	37.667	30.129
33.882	33.538	46.613	41.972	40.710	31.765	24.088	35.885	25.476	30.000	34.438	35.750	35.923	34.000	29.968
